1 0.046875 0.9966963379566982 0.064453125 0.9596530361975643 0.0625 0.9365009725981055 0.052734375 0.892512051759134 0.0390625 0.871675194519621 0.037109375 0.8253710673207036 0.0048828125 0.7755941305818674 0 0.7790669401217862 0 0.9966963379566982
0 0.0703125 0.9966963379566982 0.9990234375 0.9955387347767253 1 0.7512844638024357 0.7392578125 0.58343200270636 0.5400390625 0.4699868910690122 0.3681640625 0.3982154939106901 0.2412109375 0.35422657307171856 0.1123046875 0.31718327131258456 0.0009765625 0.273194350473613 0 0.7721213210419485 0.01171875 0.7767517337618404 0.0390625 0.8253710673207036 0.044921875 0.873990400879567 0.056640625 0.892512051759134 0.06640625 0.9434465916779432 0.06640625 0.9619682425575101 0.05859375 0.9758594807171854 0.056640625 0.9920659252368065
1 0.275390625 0.3183408744925575 0.3017578125 0.31255285859269283 0.3203125 0.27435195365358594 0.330078125 0.23962385825439783 0.3203125 0.20489576285520975 0.3076171875 0.18984692151556157 0.2900390625 0.19216212787550743 0.2802734375 0.18290130243572394 0.2470703125 0.17595568335588632 0.2138671875 0.1597492388362652 0.1767578125 0.15743403247631935 0.1591796875 0.14817320703653586 0.1533203125 0.13891238159675237 0.1396484375 0.1365971752368065 0.1328125 0.14470039749661706 0.12890625 0.16785246109607577 0.103515625 0.1933197310554804 0.095703125 0.2164717946549391 0.0859375 0.22804782645466848 0.08984375 0.26277592185385656 0.1396484375 0.29403120771312585 0.1513671875 0.29171600135318 0.2119140625 0.31255285859269283 0.2451171875 0.31023765223274696 0.2568359375 0.31718327131258456
1 0.27734375 0.3183408744925575 0.298828125 0.3113952554127199 0.328125 0.24656947733423545 0.328125 0.22573262009472259 0.3203125 0.2072109692151556 0.3056640625 0.19216212787550743 0.2880859375 0.19216212787550743 0.2802734375 0.18521650879566984 0.1943359375 0.15743403247631935 0.1708984375 0.15743403247631935 0.1435546875 0.14122758795669824 0.134765625 0.1493308102165088 0.134765625 0.15859163565629228 0.125 0.1747980801759134 0.103515625 0.19563493741542626 0.0859375 0.2326782391745602 0.087890625 0.25583030277401897 0.09375 0.26509112821380243 0.1025390625 0.2755095568335589 0.1337890625 0.29171600135318 0.1455078125 0.2894007949932341 0.1494140625 0.29403120771312585 0.1708984375 0.2963464140730717 0.1748046875 0.3032920331529093 0.2158203125 0.3148680649526387 0.2490234375 0.31255285859269283 0.2587890625 0.3194984776725304
1 0.841796875 0.5892200186062246 0.8505859375 0.5880624154262517 0.8583984375 0.5788015899864682 0.8681640625 0.5811167963464141 0.875 0.5706983677266576 0.8662109375 0.5602799391069012 0.8603515625 0.5602799391069012 0.853515625 0.547546304127199 0.857421875 0.5128182087280109 0.8349609375 0.4838781292286874 0.8193359375 0.47230209742895807 0.8037109375 0.46304127198917455 0.7822265625 0.4607260656292287 0.7763671875 0.4537804465493911 0.7431640625 0.4537804465493911 0.734375 0.43641639884979705 0.7177734375 0.41905235115020295 0.6689453125 0.38895466847090665 0.6533203125 0.3704330175913397 0.6357421875 0.36117219215155616 0.5927734375 0.3241288903924222 0.4619140625 0.24078146143437076 0.4130859375 0.22457501691474965 0.3994140625 0.22457501691474965 0.3896484375 0.23152063599458728 0.3583984375 0.22689022327469555 0.33984375 0.2419390646143437 0.337890625 0.26509112821380243 0.328125 0.28129757273342354 0.32421875 0.32991690629228687 0.326171875 0.3391777317320704 0.3447265625 0.3588569857916103 0.3662109375 0.3658026048714479 0.4150390625 0.3935850811907984 0.4716796875 0.40284590663058184 0.5107421875 0.42831317658998647 0.6181640625 0.4815629228687415 0.6728515625 0.4954541610284168 0.6923828125 0.5070301928281461 0.7060546875 0.5255518437077131 0.7314453125 0.5301822564276049 0.7451171875 0.5440734945872802 0.7685546875 0.5556495263870095 0.7822265625 0.5533343200270636 0.8076171875 0.5811167963464141 0.8212890625 0.5880624154262517
1 1 0.7142411620433018 1 0.6100568758457375 0.9677734375 0.5695407645466847 0.9501953125 0.5579647327469553 0.9326171875 0.5301822564276049 0.9189453125 0.5255518437077131 0.91015625 0.5498615104871448 0.919921875 0.5799591931664412 0.919921875 0.635524145805142 0.931640625 0.6656218284844384 0.9560546875 0.6899314952638701
1 0.90234375 0.6447849712449256 0.91015625 0.635524145805142 0.91015625 0.6031112567658998 0.9033203125 0.5764863836265224 0.8935546875 0.5741711772665764 0.845703125 0.6100568758457375 0.8701171875 0.6389969553450608
1 0.890625 0.5730135740866035 0.896484375 0.5498615104871448 0.8857421875 0.5324974627875507 0.8740234375 0.5301822564276049 0.8671875 0.5452310977672531 0.869140625 0.5568071295669824 0.8857421875 0.5741711772665764
0 0.603515625 0.3229712872124493 0.7109375 0.015048841339648173 0.7109375 0.0011576031799729364 0.4189453125 0 0.4091796875 0.004630412719891746 0.3828125 0.07061379397834912 0.3671875 0.12849395297699595 0.361328125 0.16785246109607577 0.361328125 0.2164717946549391 0.3662109375 0.21994460419485792 0.3720703125 0.2129989851150203 0.3955078125 0.20836857239512854 0.4345703125 0.2222598105548038 0.4423828125 0.21994460419485792 0.4423828125 0.21531419147496617 0.4521484375 0.21762939783491203 0.4716796875 0.23615104871447903 0.4814453125 0.2384662550744249 0.4833984375 0.24541187415426252 0.4912109375 0.24309666779431666 0.5166015625 0.273194350473613 0.5908203125 0.3194984776725304
0 0.021484375 0.23962385825439783 0.037109375 0.22573262009472259 0.048828125 0.19795014377537212 0.08203125 0.15164601657645466 0.1328125 0.01967925405953992 0.13671875 0.008103222259810555 0.1337890625 0 0 0.0011576031799729364 0 0.23962385825439783
0 0.12890625 0.15859163565629228 0.1328125 0.14238519113667117 0.1396484375 0.1342819688768606 0.1630859375 0.14585800067659 0.169921875 0.14238519113667117 0.212890625 0.008103222259810555 0.2119140625 0 0.1435546875 0 0.13671875 0.008103222259810555 0.091796875 0.13080915933694182 0.09375 0.14701560385656293 0.1025390625 0.15511882611637348
0 0.341796875 0.20258055649526388 0.349609375 0.19563493741542626 0.37109375 0.0983962702976996 0.40234375 0.008103222259810555 0.4013671875 0 0.1435546875 0 0.140625 0.003472809539918809 0.1015625 0.11228750845737483 0.09375 0.1238635402571042 0.091796875 0.1400699847767253 0.0966796875 0.15280361975642762 0.1103515625 0.1620644451962111 0.1220703125 0.1620644451962111 0.12890625 0.15859163565629228 0.1328125 0.1400699847767253 0.1455078125 0.1342819688768606 0.1787109375 0.15511882611637348 0.2236328125 0.1597492388362652 0.2900390625 0.1875317151556157 0.3076171875 0.1875317151556157 0.3232421875 0.20142295331529092
0 0.728515625 0.40400350981055483 0.7421875 0.39937309709066304 0.748046875 0.3877970652909337 0.74609375 0.3715906207713126 0.7509765625 0.37274822395128554 0.76171875 0.3623297953315291 0.765625 0.346123350811908 0.78515625 0.3113952554127199 0.82421875 0.18405890561569688 0.84765625 0.13080915933694182 0.888671875 0.010418428619756427 0.8857421875 0 0.7216796875 0 0.6953125 0.056722555818673887 0.66015625 0.17016766745602166 0.61328125 0.29750401725304465 0.611328125 0.3229712872124493 0.6220703125 0.3426505412719892 0.6748046875 0.3866394621109608 0.7197265625 0.40516111299052776
0 0.8125 0.4387316052097429 0.828125 0.42484036705006767 0.84765625 0.36464500169147496 0.869140625 0.32065608085250336 0.88671875 0.26509112821380243 0.9140625 0.20258055649526388 0.931640625 0.14701560385656293 0.94140625 0.13312436569688768 0.9609375 0.07755941305818674 0.970703125 0.03357049221921515 0.984375 0.008103222259810555 0.9794921875 0 0.8955078125 0 0.888671875 0.005788015899864682 0.87890625 0.03125528585926928 0.85546875 0.11228750845737483 0.826171875 0.181743699255751 0.78515625 0.31371046177266576 0.765625 0.3507537635317997 0.7578125 0.37622103349120434 0.7578125 0.3970578907307172 0.7724609375 0.4167371447902571 0.8017578125 0.43988920838971585
0 0.908203125 0.508187796008119 0.955078125 0.3947426843707713 1 0.26509112821380243 0.9990234375 0 0.9912109375 0 0.9765625 0.026624873139377538 0.94921875 0.11691792117726657 0.84375 0.3785362398511502 0.822265625 0.44336201792963464 0.82421875 0.4618836688092016 0.8466796875 0.4838781292286874
0 1 0.5961656376860622 0.9990234375 0.2986616204330176 0.962890625 0.4016883034506089 0.943359375 0.44336201792963464 0.9296875 0.45956846244925575 0.916015625 0.5012421769282814